-29.7805 9.4467 -37.6792 0.3697
-7.3997 34.6605 6.7880 1.6911
38.5952 25.0104 -32.5313 1.0676
15.8817 -20.5402 98.3895 0.4723
25.9954 -24.0243 -71.5117 0.6933
-24.3078 22.2283 -15.7863 0.9722
26.0088 -22.1068 -60.1532 0.7552
3.1865 28.8284 7.0000 1.2313
-27.0794 6.9346 51.5489 0.5003
-8.7028 -6.3751 14.7892 153.5435
31.6304 -28.9455 -18.6907 0.8470
36.3241 10.1453 203.7956 0.2670
-38.8783 34.7855 -41.4237 0.2932
-39.1820 -7.4899 0.2724 1.3402
-25.2010 -21.7042 -4.9602 3.4004
-13.7378 26.5347 38.8351 0.6941
36.6038 2.9168 -33.2137 0.4987
36.1901 -20.8560 68.5997 0.8904
-3.1003 -5.1006 -94.0395 0.4466
40.2761 34.3296 -296.9409 0.1635
25.7778 37.4184 7.0486 0.4819
-29.1982 9.2947 4.0653 0.6902
-11.0830 -33.1802 70.4705 0.7936
36.6385 -14.5654 52.5088 0.2008
30.2873 -34.7872 2.7484 0.3649
7.3299 12.1232 -18.1295 0.9708
-36.6881 -31.5261 -8.8992 1.2171
-36.5428 12.1794 -46.2587 0.3675
0.5214 -2.0960 -45.8611 2.4185
35.0480 -34.4129 -32.3704 1.0650
-34.0766 20.8919 97.9164 0.4745
13.5468 -24.9905 -75.4075 0.6483
20.3467 -16.2006 -15.7995 0.9716
-2.6952 18.6377 6.2227 1.2233
-5.6212 -29.8696 6.5260 1.2340
24.2830 -38.2678 51.5489 0.5003
26.9612 9.1550 -192.6354 0.2068
-33.4684 -23.5967 -18.6907 0.8470
8.0214 -32.6112 203.7956 0.2670
-30.0084 12.0962 -41.4237 0.2932
27.4981 -8.5811 -0.1887 1.4009
33.9663 -2.1710 -69.0764 0.4312
29.2172 3.7821 506.8707 0.0669
-29.3170 0.7945 -33.2137 0.4987
14.2851 -11.5246 18.5474 22.8060
22.0375 -9.5405 11.2863 6.2119
37.9765 -27.0799 -296.9409 0.1635
-21.8104 35.7446 6.7476 0.4933
-14.9097 -1.2913 32.0374 0.2369
-35.4237 31.4855 69.7305 0.8014
-33.7774 38.4656 56.7612 0.2045
-31.5723 -29.9173 2.7484 0.3649
34.2512 -8.5152 -18.2397 0.9738
13.8172 38.9157 -8.6562 1.2055
29.9962 19.1043 -46.2587 0.3675
-25.3282 -5.5153 6.7880 1.6911
20.7682 9.9437 21.9474 129.5778
31.1174 -31.6214 98.3895 0.4723
-1.1811 -28.7665 -71.5117 0.6933
16.9277 -38.5382 -16.2543 0.9823
34.0522 20.0534 -61.1091 0.7441
31.0510 -11.7125 6.9412 1.2384
-28.9723 25.8672 51.5489 0.5003
-37.2606 -9.9145 -189.9051 0.2056
-32.1226 30.8439 -18.6907 0.8470
-26.4052 4.6274 203.7956 0.2670
15.2571 -28.5059 -41.4237 0.2932
-19.1433 -38.2883 0.2724 1.3402
-34.9834 13.2375 -69.0764 0.4312
-38.1562 -40.2486 38.8351 0.6941
-3.0686 0.4629 -19.1867 1.3182
-38.1383 -0.7666 68.4389 0.8910
16.7466 -22.3531 -63.7254 0.5107
-34.9915 -35.3000 -296.9409 0.1635
-39.6788 -39.4112 6.7476 0.4933
-37.5165 -11.6717 4.6655 0.6440
-20.9707 38.9707 69.7305 0.8014
27.3728 10.4520 56.0829 0.2019
-26.2755 21.6234 2.7484 0.3649
-21.5313 20.2997 -18.4182 0.9676
-38.9620 -15.8557 -6.8120 1.1895
36.2612 29.4181 -46.4079 0.3702
12.6311 -31.5883 -2.7688 2.3811
4.2526 -13.4155 198.9339 0.2196
-25.2478 -7.0614 98.3895 0.4723
-0.4103 17.7261 3.1320 170.6295
-26.7439 -4.5539 -15.7863 0.9722
-38.8019 -29.3239 -61.2166 0.7789
-38.9469 -2.9115 7.0000 1.2313
-34.8765 39.8888 51.5489 0.5003
29.2380 12.0892 -189.9051 0.2056
-17.8282 -14.4975 -12.8273 0.7930
30.4582 42.4620 411.7591 0.1704
-15.4788 -20.1928 -43.2255 0.2871
-2.5204 4.5774 0.2724 1.3402
-2.3398 11.9197 7.7265 153.1616
-24.3844 -17.5684 38.8351 0.6941
40.1038 -12.3585 -33.2137 0.4987
30.2489 -26.0601 67.0591 0.9035
23.4453 33.1126 -63.7254 0.5107
19.2643 33.3422 -296.9409 0.1635
32.5977 -20.8196 -20.1725 0.7157
-12.5660 34.7989 4.0653 0.6902
-19.4987 23.7135 69.7305 0.8014
37.2505 39.1849 56.0829 0.2019
18.1971 34.3672 2.7921 0.3659
-39.1795 12.2026 -18.1295 0.9708
-21.5705 22.6310 -8.6562 1.2055
-30.0240 31.7074 -46.2587 0.3675
-4.5578 32.0048 6.9172 1.6891
-16.7975 1.6176 5.7108 22.5655
-1.4614 -30.5907 98.4730 0.4718
-19.9909 27.4667 -72.9033 0.6864
31.0419 -15.2183 -15.7863 0.9722
-22.5305 17.5712 -63.2628 0.7317
-11.7475 19.5675 215.0094 1.2313
2.7447 -11.4333 5.5564 0.9689
34.9201 33.3766 26.1254 6.1648
-37.6942 -9.8591 -18.6907 0.8470
-26.2408 39.5729 203.7956 0.2670
16.3777 28.6349 -40.2397 0.3100
30.4571 -27.1595 0.2724 1.3402
22.6481 38.4886 -68.4269 0.4353
1.2590 31.6724 38.8351 0.6941
-31.2643 -11.0150 -33.2137 0.4987
9.5561 25.3345 68.5997 0.8904
23.4494 -28.0267 -0.6787 9.9118
-24.6609 29.6694 -296.9409 0.1635
-25.4296 -7.2925 6.0482 0.5140
17.6893 -8.1387 4.0653 0.6902
29.1481 29.0933 69.9619 0.7998
32.3882 20.2587 56.0829 0.2019
-0.0893 -28.4832 2.7484 0.3649
21.7505 -29.6032 -15.8407 1.1411
19.6940 -27.6756 -8.8081 1.2076
-8.7334 -32.9467 -46.2587 0.3675
-12.6107 -33.3347 6.7880 1.6911
-22.5556 -15.6907 -32.5313 1.0676
28.8103 6.6626 95.8119 0.4853
-7.9489 31.9443 -71.5117 0.6933
5.3845 10.8587 -32.5901 51.0512
-32.3225 -31.1523 -61.1091 0.7441
-14.0574 1.1283 14.2100 1.4073
-15.3446 -7.4100 14.3890 14.5344
-32.1839 21.9175 -189.9051 0.2056
-30.3635 33.0643 -10.8108 0.8097
37.9075 0.1636 168.2029 0.3058
-37.9161 22.7615 -41.4237 0.2932
-17.8930 -13.4481 -2.2578 1.5447
33.3112 36.7642 -68.6825 0.4305
21.8046 -9.9537 -57.1039 4.2163
14.3556 29.2539 -44.9906 0.4280
-30.8896 30.3667 78.3574 0.4541
-35.1039 11.5497 -63.7254 0.5107
23.0123 35.5974 -296.9409 0.1635
-15.0239 14.9337 -20.0440 44.8100
-22.6896 27.0471 4.0653 0.6902
19.1938 17.0437 69.4519 0.8015
35.8205 39.0547 56.0829 0.2019
-32.9902 -0.1282 2.8230 0.3643
37.4597 14.6156 -18.1295 0.9708
-18.5775 20.1808 -8.7157 1.2063
4.3754 32.5519 -46.2587 0.3675
32.2063 -4.2417 6.7880 1.6911
21.2511 28.1857 -32.5313 1.0676
23.3401 -19.3995 98.3895 0.4723
-10.7326 -31.5605 -71.5117 0.6933
9.6799 18.5241 -15.7863 0.9722
24.9703 32.2201 -59.7213 0.7551
21.8422 29.0139 7.0000 1.2313
26.3116 30.5380 51.5489 0.5003
-17.2309 9.8299 19.9560 121.1461
-38.8535 -24.3354 -18.6907 0.8470
21.6737 -8.9923 22.7601 2.3203
-24.3248 17.8045 -40.8298 0.2960
12.1783 39.3717 0.2724 1.3402
-38.2174 13.7195 -69.0764 0.4312
-8.3623 28.3847 39.5639 0.6927
3.0160 -32.1645 -33.4220 0.4970
30.4716 26.1406 87.8554 0.7721
22.6874 -4.2925 -23.3931 0.8675
28.6548 37.0953 -321.9575 0.1568
1.6188 37.6130 50.3017 0.6582
35.2915 -12.3657 4.0653 0.6902
21.3319 21.9526 69.5855 0.8077
7.2455 -16.0473 14.4249 135.2711
13.7116 -21.5724 2.7484 0.3649
-32.8581 -0.8192 -18.1295 0.9708
4.2081 -18.4841 -14.3991 4.1369
-10.8965 22.6770 -46.2587 0.3675
38.4570 -33.6252 6.7880 1.6911
21.0100 -30.1382 -32.5313 1.0676
21.9063 -29.8770 98.3895 0.4723
-8.7319 31.4827 -72.8548 0.6830
-18.5982 -0.4445 -15.7863 0.9722
-1.0258 -24.7288 -61.1091 0.7441
2.2687 33.8324 6.3300 1.2467
34.8320 26.5326 52.0261 0.5044
6.3616 33.7578 -189.9051 0.2056
-24.1148 24.2595 -16.8526 0.8683
-0.0733 42.2994 203.7956 0.2670
28.4517 6.5131 -105.4421 0.1315
-8.7120 1.9439 0.2724 1.3402
37.4374 36.8658 -64.6526 0.4463
-3.8416 29.1896 38.8351 0.6941
5.3699 -37.2934 -33.2137 0.4987
-8.8850 11.1575 -187.6692 0.1669
-14.6736 -24.2135 -63.7254 0.5107
31.9009 -17.4708 -296.9409 0.1635
17.7826 19.1564 6.7476 0.4933
31.0912 2.0411 21.1328 0.8538
11.9955 -25.8287 -2.5011 0.9868
-18.3803 8.7753 -10.7688 7.3324
38.8811 -9.6592 2.7484 0.3649
5.5274 -27.4731 -18.1295 0.9708
32.2523 11.0789 -8.7244 1.1432
2.9891 27.7357 -46.2587 0.3675
-13.8095 -7.1068 6.7880 1.6911
-5.4285 33.0377 -32.5313 1.0676
-11.6955 -35.0245 97.1481 0.4703
22.4169 26.1004 -71.5117 0.6933
-1.1683 -27.4286 -15.5756 0.9746
-20.2651 21.0904 -61.1091 0.7441
23.8703 -39.6721 6.6449 1.2296
-10.9919 -36.8849 31.2251 16.6551
13.2838 4.2037 106.1916 0.4903
34.2282 17.1610 -18.6907 0.8470
-16.4394 -17.4656 203.7956 0.2670
-11.8611 -35.9127 -41.4037 0.2932
38.3223 -21.6305 0.3556 1.3471
7.7590 -23.8720 -69.0764 0.4312
34.0868 16.3303 38.8351 0.6941
-19.7222 -21.4098 -33.1912 0.4987
10.9415 -36.8781 68.3636 0.8955
-30.6081 -27.5610 -63.7254 0.5107
2.2849 -4.3168 25.4645 2.4418
24.4073 -7.3178 6.9578 0.4939
-1.6923 -25.9163 4.0653 0.6902
-30.3448 -27.1173 69.6093 0.8036
-4.0802 8.4253 -35.3709 1.7138
20.7045 15.4195 2.9236 0.3619
-6.3951 29.4973 -18.1295 0.9708
-26.4833 6.4733 -8.6562 1.2055
16.7298 39.6180 -44.0701 0.3678
-33.2250 -35.2784 6.7880 1.6911
39.4058 -1.0074 -32.5313 1.0676
1.9378 -28.2437 98.3895 0.4723
-32.4280 3.7072 -71.5117 0.6933
-29.7151 9.7684 33.2293 2.4593
30.6398 -9.1267 -61.1091 0.7441
6.1858 -38.8199 6.9094 1.2398
-16.1936 19.2552 51.5489 0.5003
-29.0140 -27.6566 -206.7755 0.2064
27.9838 13.8126 -16.6540 0.8954
-1.8105 6.8382 -25.3885 1.2652
-1.9893 16.4200 -20.2546 0.9706
29.1221 -14.4306 0.5861 1.3159
-4.9942 -28.0026 -69.0764 0.4312
-29.9060 -36.6534 38.8351 0.6941
4.1083 38.1260 -29.7133 0.5902
-30.5510 36.3787 31.4190 1.0897
-21.5152 -7.6451 27.1009 17.9032
-29.1777 -17.4457 -296.9409 0.1635
-33.0366 -10.4742 6.7476 0.4933
22.7651 -28.6561 3.4573 0.6938
30.6999 20.0922 69.7524 0.8014
-14.5492 38.8797 55.7509 0.1973
-17.0492 37.3587 2.7484 0.3649
-37.3480 36.1851 -18.1295 0.9708
32.3393 38.3344 -11.2605 1.2417
22.1140 27.4601 -48.9429 0.3527
-25.3466 27.1869 6.7880 1.6911
34.6828 -12.2549 -32.5313 1.0676
40.2321 34.1192 97.3872 0.4765
38.9579 -21.6824 -71.5117 0.6933
9.4632 -18.8074 -11.8119 0.6301
-19.2152 -16.7633 -61.1091 0.7441
-11.8185 33.0955 46.7692 1.4230
-30.5769 30.4053 51.5489 0.5003
-15.8397 -30.5999 -189.9051 0.2056
-34.0287 11.7439 -18.6907 0.8470
33.9590 37.2589 203.7956 0.2670
36.1429 2.9461 -41.4237 0.2932
3.0385 7.5458 18.3274 156.0179
-36.3703 39.7366 -66.6514 0.4379
39.9639 24.1625 38.8351 0.6941
-18.8514 21.4721 -33.2137 0.4987
-26.4506 -4.9771 68.5997 0.8904
35.2204 13.1958 -64.8591 0.4454
-15.5455 -30.5887 -296.9409 0.1635
-5.6534 25.5176 6.7476 0.4933
-15.7127 -19.2896 3.8705 152.7318
-33.0172 -6.7038 69.4837 0.8021
14.1665 28.8548 56.0829 0.2019
6.1938 14.9791 2.7484 0.3649
35.4218 -32.7543 -17.7221 1.0061
-37.2037 24.6647 -8.4900 1.2130
-26.7121 19.0995 -46.2587 0.3675
27.4011 -31.6430 6.7880 1.6911
-35.9252 -33.7236 -45.8412 1.3484
26.5905 18.7879 95.7496 0.5006
-12.8333 12.5064 -71.5117 0.6933
5.2960 -33.0611 -15.7863 0.9722
-35.9591 9.4344 -59.1143 0.7561
38.2243 35.3789 7.0000 1.2313
30.7890 -29.3622 51.4803 0.5004
7.8205 36.0396 -188.5880 0.2063
9.8891 37.3938 -18.6724 0.8138
-34.9672 18.9918 203.7956 0.2670
3.9163 -28.7917 -41.4237 0.2932
9.1128 -30.3016 0.2724 1.3402
31.4573 5.3402 -69.0764 0.4312
21.1066 -35.5647 38.8351 0.6941
29.1116 -21.8785 -33.4368 0.5120
-34.1846 -0.4985 68.5997 0.8904
38.4018 -21.6337 -69.1287 0.4565
18.8521 -35.6389 -357.5963 0.1377
6.2700 31.8048 6.7476 0.4933
-38.1798 26.8020 4.0653 0.6902
33.6850 -30.9213 69.7305 0.8014
-29.1958 -6.1393 56.0902 0.2021
-20.0015 -14.5459 8.5674 1.0362
0.8465 -30.1954 -18.1295 0.9708
38.2203 -36.2329 -8.6562 1.2055
-20.4098 15.8855 -121.3872 0.5340
-28.8506 -34.7560 -18.2291 0.8994
10.8750 -0.1750 8.3319 0.7301
13.2490 31.1155 -33.8290 0.7122
-2.8025 -17.2133 -4.6775 1.3595
-10.8857 30.3368 1.4458 5.6589
26.9506 33.8669 -18.9130 0.5166
8.7702 -4.0713 26.4280 0.8882
27.4008 21.9338 2.5661 1.0547
-18.5508 32.0031 -18.6097 0.5491
-20.5321 -24.9870 -31.8213 0.6072
-23.7089 -35.9241 -61.3163 0.4523
24.1730 15.3085 60.3165 0.3393
21.9025 -11.1746 -23.6572 1.3594
-32.3397 -16.6285 -38.1921 0.8738
22.4425 -11.8035 -35.2118 1.3475
-12.9068 -32.4666 -24.8898 1.0126
-29.6798 29.1878 -22.9812 0.4156
22.6686 32.4183 58.2267 0.4351
-7.7048 35.3968 12.5770 1.1503
-38.5958 1.3454 38.2837 0.6765
26.5294 11.6963 46.0941 0.8265
-28.3405 9.0081 -74.1365 0.5550
-12.9452 35.2088 -12.9016 0.8680
-3.6419 -34.5783 -10.6164 0.9212
17.8830 -2.1820 22.0252 174.3301
32.1878 -15.8574 47.1308 0.4277
-14.1978 -26.8629 -99.1394 3.8881
-2.3064 9.8777 -12.1681 2.4720
20.4842 11.2914 13.4771 143.3894
37.9439 26.4099 -33.8290 0.7122
-39.4171 18.7283 -4.6775 1.3595
-35.6032 -23.2773 -11.9828 0.7238
9.8999 39.3857 -18.9130 0.5166
18.4169 9.5468 -6.4906 28.1373
33.0537 -36.3530 3.3507 1.0470
33.8119 -35.2114 -18.4138 0.5388
8.9033 -26.5252 -32.3070 0.5773
-38.0151 -26.9636 -60.6201 0.4545
39.2725 -4.0256 58.0945 0.3673
-35.5239 -27.6748 22.4502 0.7381
-0.2382 34.6487 -50.2984 1.1168
9.4256 17.8156 -15.6764 1.9565
-38.4022 17.5511 -24.8898 1.0126
27.8424 -0.2540 -22.9812 0.4156
-9.3997 20.1157 -12.8060 2.6271
37.2927 -3.3180 -9.2276 1.2592
38.3451 0.0117 37.9691 0.6878
4.1152 33.5051 46.0941 0.8265
22.5016 -33.5556 -24.6485 2.5058
-39.5269 -6.0549 -12.6898 0.8683
31.1410 -5.7313 -10.6164 0.9212
39.6562 -12.0617 5.9364 0.4389
1.3474 28.0680 11.2660 1.9991
25.3782 -18.7444 -121.3872 0.5340
-35.5734 15.7799 -43.1482 0.9872
-13.3911 34.2410 -997.1140 0.0347
35.0822 21.4546 -34.0898 0.7037
27.6017 -13.7443 -4.6775 1.3595
-34.7505 23.1723 -11.9828 0.7238
-38.2483 -38.6477 -18.9130 0.5166
22.3121 -24.1889 -85.9978 0.4884
32.8190 -37.5671 3.2444 1.0462
-26.7774 9.3127 -18.4138 0.5388
-35.1362 17.9025 -33.5715 0.5831
-17.9757 -8.1404 19.9334 126.8586
31.4554 14.1149 50.1689 0.4004
-29.2167 -15.9408 22.4502 0.7381
-40.2856 -35.2278 -30.0548 0.8174
2.3931 30.1401 -35.2118 1.3475
-6.3216 32.5187 -24.8423 1.0128
-18.5479 6.5870 23.1119 153.1871
13.1985 29.8258 4.6310 7.8637
-31.0682 -29.8037 -9.1844 1.2858
36.7841 -12.6794 38.2837 0.6765
-24.1705 -12.6575 46.5170 0.8271
-39.1803 10.7875 -72.4033 0.5594
-9.1784 25.0731 -12.9016 0.8680
-29.3244 22.5396 -10.6164 0.9212
33.4578 14.4997 5.7787 0.4414
26.1100 33.0101 47.0649 0.4316
-17.1183 -31.9940 -131.0652 0.4977
7.9047 -37.8728 -26.9171 0.7772
37.0553 6.7540 -1205.9799 0.0283
21.0742 -38.6072 -33.8290 0.7122
-7.0651 -19.2651 8.2245 34.2530
32.7611 34.2785 -11.9828 0.7238
33.4525 3.0589 -18.9130 0.5166
21.5647 -12.6902 -85.9978 0.4884
7.7019 -20.5618 21.4015 30.0597
-28.7230 28.5388 -18.3722 0.5688
6.0420 -27.0609 -34.2697 0.5844
32.3092 1.9750 -59.7245 0.4596
-9.7392 23.9780 57.9207 0.3691
25.6642 2.6693 22.4502 0.7381
-23.8498 -33.0493 -37.4244 0.8773
-22.0647 -6.9715 -43.2055 1.9023
-20.7752 -21.0320 -24.8898 1.0126
-30.3162 -32.7559 34.9653 0.9981
26.1261 1.3160 58.2267 0.4351
11.6348 2.3297 -8.9639 3.0092
-33.8520 -2.2557 38.2837 0.6765
-40.0129 38.9806 45.8959 0.8353
-31.6930 35.6405 -73.8818 0.5469
33.0787 38.1675 -13.7133 0.8321
-5.1855 -13.7369 -16.4399 4.7522
33.8902 -4.4371 5.9364 0.4389
-24.9105 -27.8622 47.0649 0.4316
-31.7072 -4.9005 -121.3872 0.5340
-20.2794 36.0633 -26.9171 0.7772
31.9709 13.3151 -997.1140 0.0347
-27.1905 13.6171 -33.8290 0.7122
19.9354 -26.6626 -4.6804 1.3577
7.9722 37.0323 -11.9828 0.7238
36.9701 37.0181 -16.1456 0.4468
31.5281 30.2249 -85.9978 0.4884
-5.9924 32.7987 3.1734 1.0413
17.4373 22.0989 -18.6650 0.5407
37.3932 -13.1988 -30.3219 0.5689
12.6802 -24.8646 -60.6201 0.4545
14.1689 -23.5784 59.3721 0.3608
4.3012 37.4455 22.3529 0.7405
-18.0853 30.2767 -38.1921 0.8738
35.6752 -19.6266 -35.2552 1.3464
-33.8728 -17.1239 -24.8898 1.0126
30.8286 32.0879 -23.2846 0.4443
-20.3190 -12.2867 36.3837 133.0534
-24.9703 -27.0872 -9.1061 1.2844
-20.3633 31.2542 38.2837 0.6765
9.2854 -39.8860 46.0941 0.8265
18.2627 12.4143 -3.6076 4.0014
13.1123 -27.6740 -12.9016 0.8680
5.0574 -40.3015 -10.7166 0.9157
34.7102 28.4147 5.9364 0.4389
36.8989 -25.6582 47.0649 0.4316
2.3563 26.1806 -121.3872 0.5340
27.3763 -27.3390 -26.9171 0.7772
23.2477 25.9909 -997.1140 0.0347
16.2590 -6.9335 -28.9117 6.3048
-12.9886 25.2048 -4.6775 1.3595
0.3950 17.7342 -12.7914 2.0594
-19.3198 -0.6668 12.3513 22.2821
7.7636 31.6474 -92.5333 0.4492
26.3775 -13.6655 2.8387 1.0478
-10.0270 23.2860 44.7540 1.6245
-14.7040 -20.2641 -33.3878 0.5825
-31.8985 -22.9098 -60.6201 0.4545
26.1164 4.7348 58.0945 0.3673
39.6612 23.6506 22.4502 0.7381
9.1859 -33.5075 -38.1921 0.8738
0.1571 38.9940 -35.2118 1.3475
7.1304 -4.9511 -24.8898 1.0126
-36.1922 4.5143 -22.9812 0.4156
30.1127 -35.5859 58.8673 0.4327
-26.5859 -3.0831 -9.1061 1.2844
39.8402 17.9370 14.5408 1.3826
38.4535 -28.3927 46.0941 0.8265
37.4381 -7.9774 -72.4033 0.5594
-36.9015 27.5839 -12.9016 0.8680
-5.5896 10.3203 -10.6164 0.9212
9.3719 39.2834 5.9135 0.4383
16.6899 -38.0235 54.6504 0.3546
-8.8102 35.2930 -121.3872 0.5340
39.8573 25.3264 -26.9171 0.7772
28.7692 -28.7596 -1221.7216 0.0287
35.4878 -34.6445 -33.8290 0.7122
-18.2747 9.7515 -4.6775 1.3595
-33.3951 -36.0253 -11.9532 0.7035
-12.3452 -23.2501 -19.5871 0.5171
30.8117 33.1211 -77.5186 0.5282
-15.6914 -23.3377 3.2444 1.0462
38.1768 -30.2403 2.3632 0.8592
-9.7660 6.9447 -56.5203 0.7005
26.5103 35.3975 -60.6201 0.4545
-38.8965 -13.9108 58.0945 0.3673
-28.5486 28.7773 22.4502 0.7381
38.1084 -20.8271 -39.2000 0.8590
28.6733 11.3730 -35.2118 1.3475
35.0249 29.5765 19.7870 3.4469
6.7619 -38.7717 -22.9829 0.4156
11.9062 -17.0496 0.9745 30.0494
-27.7707 7.4589 -9.1061 1.2844
21.8907 27.3906 39.6820 0.6833
38.7812 29.9676 46.0941 0.8265
-5.0784 32.8752 -72.4033 0.5594
31.0895 34.4146 -12.9016 0.8680
-40.2592 7.0698 -10.6924 0.9247
-32.5044 16.0972 5.9364 0.4389
8.5972 -8.1413 47.0649 0.4316
20.6689 25.1363 -121.3872 0.5340
-33.2648 25.1956 -26.9171 0.7772
30.8730 -2.9783 -997.1140 0.0347
-20.9163 0.9967 22.8620 157.1907
-27.0817 1.5171 -4.6775 1.3595
24.4045 21.3471 -11.9522 0.7201
-35.0413 17.7652 -18.9130 0.5166
-29.1492 39.9053 -85.9978 0.4884
-0.3621 14.4677 3.3477 17.0706
-28.9188 13.2062 -18.4138 0.5388
-8.4290 27.6781 -33.6339 0.5832
-0.9088 24.6334 -60.6201 0.4545
29.1549 17.7889 58.0945 0.3673
33.3694 -17.0287 21.7763 0.7517
-28.6784 27.3693 -36.4609 0.8955
11.0154 -6.6745 -35.2118 1.3475
-25.9503 6.7075 -24.8898 1.0126
19.1951 12.7459 -11.5125 0.6028
4.2736 21.8849 31.9666 161.7672
31.9989 -12.7878 -9.1061 1.2844
2.7764 27.9519 38.2837 0.6765
-25.8422 -39.7882 45.6468 0.8400
-5.7261 -25.9205 -73.3341 0.5475
-19.7523 -23.5652 -11.1917 0.8327
32.6590 -17.4831 -10.6164 0.9212
-17.7309 26.3590 -6.7544 2.0905
21.7018 -20.8243 17.9370 0.7838
-18.0580 -31.4803 -121.3872 0.5340
-14.2013 38.9957 -26.7471 0.7722
7.9098 -31.3999 -997.1140 0.0347
24.4646 -24.3756 -34.9399 0.6947
10.2463 -27.8869 -4.6775 1.3595
-26.9280 -1.9558 -11.9828 0.7238
-11.7581 6.6143 -30.4816 0.7253
30.7140 -36.6920 -83.3482 0.4911
-19.9490 37.4163 3.2605 1.0475
36.3642 -3.2243 -18.4138 0.5388
-15.9516 37.8068 -33.3878 0.5825
5.1067 30.7523 -60.6201 0.4545
-4.4190 -29.6084 58.0320 0.3492
-25.9276 38.6761 22.8779 0.7385
37.7689 4.7717 -37.9651 0.8696
-2.2670 7.4424 23.1838 132.7133
0.1217 -25.9894 -24.8898 1.0126
27.2237 -9.8002 -22.9812 0.4156
-17.4330 -32.4017 58.2267 0.4351
-8.1715 -38.1036 -9.1061 1.2844
16.6233 37.2178 38.2368 0.6769
33.2642 -39.2992 46.0941 0.8265
-12.6361 -4.2258 4.2662 3.0604
-23.0420 -7.8189 -12.9016 0.8680
39.6053 1.4786 -10.6164 0.9212
16.0854 27.5169 6.6438 0.4086
-36.4027 0.8655 45.3375 0.4394
23.6169 -2.1420 -78.0265 0.8678
-25.2612 38.9637 -27.2768 0.7764
-3.0309 36.3567 -997.1140 0.0347
10.3683 20.9782 -54.2909 0.5787
-40.0584 -1.9624 -4.6775 1.3595
18.0225 -38.9196 -11.9828 0.7238
-18.2365 1.6073 -31.9940 0.8179
-29.5372 -24.7079 -85.9978 0.4884
-3.4431 -38.8846 3.2444 1.0462
-38.6160 -17.3786 37.8640 5.2220
-33.1800 2.7027 -33.3878 0.5825
9.7641 15.8031 -60.6201 0.4545
39.0639 -8.5507 58.0945 0.3673
25.7020 -24.0468 20.0804 0.7224
33.3366 -8.5623 -36.5647 0.9006
-10.8555 24.1086 -23.5499 2.9556
-30.6394 11.1549 -24.8898 1.0126
10.4211 11.0010 21.0593 22.2271
10.9436 -30.0596 79.6262 4.2609
-16.3704 0.0251 14.4785 25.1910
2.7933 30.4067 -16.1653 2.6191
-38.6949 -36.6917 46.0941 0.8265
-33.4890 36.6567 -72.4033 0.5594
-2.6486 34.6022 -12.4812 0.8732
-19.4318 20.6835 -11.0798 0.8592
32.8897 -36.7882 5.9364 0.4389
27.0642 36.8694 47.0649 0.4316
0.8047 -14.2582 3.8444 24.8076
7.8932 16.8281 6.4586 137.6648
15.0700 34.5373 24.3203 0.6774
20.1849 -29.4622 25.5008 0.5155
-26.9704 7.9289 -37.8103 1.1381
-17.1423 -39.4163 -23.2626 1.1076
8.9217 30.8026 -10.3702 1.4916
-34.7909 38.3780 -19.7439 0.5683
-38.2330 20.6336 -14.2896 1.4607
34.1102 -10.0667 30.4567 0.3823
-39.9160 -27.4028 45.7782 0.9872
13.8460 34.6906 28.5061 0.6831
25.9262 -23.9959 -36.0538 0.2284
-0.6879 -27.7447 -10.2291 0.9615
-23.0586 39.0440 -91.2064 0.2892
12.2816 -22.3137 30.1142 0.3061
34.9977 7.0381 17.0735 0.5065
-34.0640 18.3600 -1.2911 0.6581
-28.6622 35.1052 57.0990 0.6830
-15.0095 26.5551 -85.6505 0.3631
-22.0032 40.0101 16.0235 0.9093
15.9743 -22.9669 -16.5130 0.7509
25.6246 33.9072 376.4419 0.0981
-3.5702 -25.0873 -43.4310 0.4098
37.7772 12.7430 -9.4130 0.8871
27.5390 -33.0516 41.3449 1.5859
36.2828 24.2673 -20.3533 0.8185
25.2819 -3.5856 -10.4521 1.0061
1.9887 -28.9584 11.2669 0.2386
-29.6338 37.8209 24.3203 0.6774
34.4800 21.4568 24.3112 0.5095
2.5691 33.1865 -37.8268 1.1374
-3.3698 18.3041 28.3867 1.6381
29.3222 -0.8353 -10.3326 1.4898
13.3270 34.7632 -18.9732 0.5783
-20.0892 -18.4503 -14.2911 1.4603
23.0921 29.7015 32.6104 0.3813
-29.3911 3.4606 47.8628 0.9911
38.4824 -12.6025 28.5061 0.6831
-10.6082 -14.7062 -124.8140 0.2826
14.9279 -1.5158 19.6791 127.3581
7.0107 -10.4449 20.3590 171.4509
26.2333 -22.0468 30.1142 0.3061
6.3976 11.6847 5.6914 25.9736
16.6541 -21.8201 -1.3558 0.6551
34.7667 10.9841 57.0990 0.6830
-25.0595 14.7159 -85.7537 0.3599
38.6801 10.9951 16.8416 0.8950
-40.4507 -29.8834 10.4203 12.2869
28.3054 23.2012 309.2015 0.1197
-14.9400 -30.1901 -43.8820 0.4184
34.5382 -11.8669 -9.6817 0.8843
-15.4143 8.3792 -4.9423 34.6026
38.0678 -24.0947 -20.1269 0.8232
-22.7442 -27.2230 -10.4521 1.0061
-13.4035 -28.7965 11.2669 0.2386
39.8313 13.0939 24.3203 0.6774
-5.7415 11.7622 3.2512 4.7570
-9.9284 -28.2427 -37.8268 1.1374
5.1019 34.4749 -23.2626 1.1076
-6.9738 -31.3883 -10.3326 1.4898
-9.0865 21.0937 -20.8490 1.1823
-32.3569 38.3580 -178.5318 0.1157
-23.2639 10.9701 30.4567 0.3823
-22.1383 38.7289 47.8628 0.9911
4.7510 29.5432 28.0741 0.6728
-36.4954 -0.9162 -74.9824 0.1582
-21.3599 -33.5902 -31.4301 2.1376
28.9862 -29.1311 -97.8336 0.2956
8.1030 28.0579 30.1142 0.3061
10.5196 29.9417 17.0735 0.5065
-29.6490 -1.9676 -1.3558 0.6551
36.4111 32.3324 57.0990 0.6830
2.7022 9.5998 4.8874 147.9050
-5.9457 4.7575 30.3556 141.8556
-5.1953 -8.4155 -20.9816 0.8597
19.2556 -20.9796 261.9761 0.1406
19.5764 19.6715 -43.4310 0.4098
-27.4125 12.7772 -9.6817 0.8843
-31.4038 20.0744 44.5662 1.5006
6.8208 -9.0801 -45.5227 1.5826
33.6853 -7.4969 -10.4593 1.0083
21.2144 -13.6165 16.5395 0.2726
27.6643 26.9263 24.3203 0.6774
-22.8993 -10.0066 8.3401 4.2338
-17.3725 -28.1568 -37.8268 1.1374
-39.5482 15.3306 -23.2626 1.1076
-22.1441 -19.6711 -10.3326 1.4898
-23.5213 14.8937 -18.8066 0.5783
-0.7127 -34.8293 -13.8296 1.4848
28.5293 37.1584 18.4918 0.5079
-9.5229 -27.8949 47.8628 0.9911
9.0313 13.8659 28.5061 0.6831
18.1314 27.1400 -123.2617 0.2140
39.5618 -35.9903 -10.2291 0.9615
-18.9974 -26.8568 -97.8336 0.2956
32.9534 -26.5557 30.1142 0.3061
35.1650 14.9714 17.0735 0.5065
34.2884 -29.6733 -1.3558 0.6551
37.2839 -12.4712 57.0990 0.6830
34.3533 -17.8985 -85.6505 0.3631
16.7121 -11.6443 16.1050 0.9070
-11.5759 28.9864 -21.9693 0.8115
-9.3105 -38.2591 309.9109 0.1196
-19.7967 20.2920 -36.7849 0.4580
26.9434 32.5052 -9.6817 0.8843
36.2674 21.6169 40.3719 1.5059
35.5371 -11.8803 -20.1269 0.8232
-40.0162 -13.2270 -10.5297 1.0094
14.1071 -27.9600 11.2669 0.2386
36.6274 -23.2052 24.6695 0.6796
-27.6353 -23.0508 -21.3285 0.7817
-24.1018 -33.8621 -37.8268 1.1374
-27.1042 39.0267 -22.9593 1.0750
-17.6747 33.4183 -10.3326 1.4898
-10.3594 -38.4632 -18.9732 0.5783
-37.6085 -17.2397 -13.1427 1.5343
17.1399 20.4592 30.4567 0.3823
35.8829 25.3706 47.4554 0.9841
-33.4972 -17.5327 28.5061 0.6831
25.1443 24.5013 -34.7453 0.2234
3.4004 7.1499 -10.2291 0.9615
18.2691 -35.6499 -97.8336 0.2956
25.4492 5.0610 39.9324 0.3231
19.3476 -28.1859 17.0735 0.5065
37.1562 -5.6785 -1.3558 0.6551
-7.8801 -38.5158 58.2935 0.6654
-17.8451 23.0083 -85.6505 0.3631
33.9596 13.5069 16.1050 0.9070
-26.7866 18.0106 -16.5130 0.7509
18.6517 24.9957 309.9109 0.1196
-2.3363 -37.2783 -43.4310 0.4098
-33.5741 30.5807 -9.6817 0.8843
27.7719 -16.1746 44.5662 1.5006
-36.5107 18.1019 -20.1269 0.8232
-24.6164 -23.9687 -9.9674 1.0488
-0.7605 35.9371 11.2669 0.2386
-25.8992 -2.3596 8.2177 8.2514
-12.2459 -12.3428 35.4241 0.5269
25.5401 -10.7037 -37.8268 1.1374
25.9109 30.1218 -22.8636 1.1351
16.9294 -30.6889 -10.1563 1.4816
-14.9729 -31.2959 -18.9732 0.5783
-17.0025 30.3793 -14.2896 1.4607
16.7590 28.2003 30.4567 0.3823
23.7610 28.3521 47.8628 0.9911
-24.0740 -22.0257 28.5061 0.6831
35.2875 26.0768 0.0364 0.2199
-10.4758 -35.4482 -10.2291 0.9615
-20.4528 -2.2581 -15.4957 13.5438
10.2130 -26.1643 71.4788 0.2076
-26.8570 16.9511 17.0735 0.5065
-36.8613 31.3801 -1.3558 0.6551
-11.4088 27.5167 57.0990 0.6830
2.5852 -14.0565 -85.6505 0.3631
26.6072 5.1665 16.3565 0.9069
-26.2940 37.0683 -16.5130 0.7509
23.8934 30.7027 309.9109 0.1196
-22.5302 37.3517 -52.5536 0.3623
-38.5433 -38.5807 -9.6817 0.8843
27.2817 1.3118 44.5662 1.5006
33.1065 -10.1727 -20.1269 0.8232
-37.6450 -11.6220 -10.2592 1.0071
-8.9583 9.8681 -11.4423 19.9867
0.8878 -35.6917 24.8035 0.6608
34.5489 -20.2635 24.8330 0.5103
16.1549 -20.1804 -38.0461 1.1532
12.7247 -37.3994 -0.7533 6.6425
22.3954 -24.0847 -10.3326 1.4898
9.2718 6.4589 24.9401 132.2972
-28.2864 -17.3622 -14.2896 1.4607
-39.0857 -11.7681 40.4250 0.3917
-32.9568 -13.5102 21.1880 1.4691
31.2759 11.9489 28.5061 0.6831
17.4176 -14.3219 -34.7453 0.2234
-23.7318 31.9404 -10.0336 0.9980
19.0231 13.7058 -97.8336 0.2956
30.1850 -22.4329 30.2221 0.3078
-29.3831 17.3637 18.1085 0.5017
39.0679 -10.5362 -1.8136 0.6874
25.6872 5.0661 57.5883 0.6888
-37.3961 -17.2737 -85.6505 0.3631
-26.9078 37.7956 16.1050 0.9070
-16.8688 23.4669 -12.5896 0.8074
17.3940 27.1185 309.9109 0.1196
-23.4385 36.3602 -43.8026 0.4093
39.4120 12.5829 -6.6365 0.7589
-4.1506 6.5587 -6.9133 37.8159
14.9363 24.4987 -20.1675 0.8211
-6.6969 -25.5504 -10.4521 1.0061
-10.1662 39.6056 11.2669 0.2386
-3.4132 -24.6934 24.4220 0.6785
-6.7364 32.0488 24.3112 0.5095
16.8359 -3.4024 -37.8268 1.1374
3.9604 8.6203 -23.2626 1.1076
28.6437 19.8681 -10.3326 1.4898
25.9288 -35.1785 -18.9732 0.5783
25.5391 14.8536 -14.2896 1.4607
-19.0920 -20.3983 30.4567 0.3823
-23.1244 4.5850 139.6135 0.5399
23.1714 17.8605 27.3644 0.7056
17.6472 -18.3536 -34.7453 0.2234
-28.8196 -25.6107 -11.0233 0.9584
-37.1320 -30.5223 -97.8336 0.2956
13.5951 -38.4302 23.1293 0.3290
9.7827 -8.4660 17.0735 0.5065
-35.5647 -9.8327 -1.3558 0.6551
39.5184 -6.7740 57.0990 0.6830
32.3871 -39.4937 -85.6505 0.3631
20.5949 -6.9992 25.6667 1.0114
27.1415 2.5317 -16.5130 0.7509
-10.1320 18.2997 38.9720 101.8169
15.3228 -19.2702 -43.4310 0.4098
22.1101 6.4964 -9.6817 0.8843
-10.0795 38.5731 44.5662 1.5006
2.0545 -25.5423 7.2584 2.1820
-14.9111 1.2272 -5.7256 23.6696
-0.7182 32.1585 20.4021 0.2415
30.4321 26.3487 28.6642 0.6641
14.1432 7.5185 22.9463 128.2646
-12.8562 25.9516 -37.8268 1.1374
-3.0088 32.7429 -23.2626 1.1076
-13.6128 -28.5245 -10.3326 1.4898
-29.7692 -0.4868 -19.2902 0.5747
39.7891 31.8399 -14.5810 1.4957
-17.7067 26.0792 30.4567 0.3823
-10.9662 -11.0752 23.8611 118.2959
34.6381 -18.7594 29.1764 0.6836
8.8703 34.8626 -30.9341 0.2197
-8.6574 8.6473 -10.2291 0.9615
8.1412 -12.3408 -1.6966 8.5698
-24.8270 -25.8573 27.1475 0.2929
7.6077 8.9965 19.0719 124.0292
28.9727 13.5006 -1.3558 0.6551
-20.3300 -29.1319 57.0990 0.6830
-10.4376 31.8674 -83.2531 0.3669
-6.3417 -35.6054 16.1050 0.9070
28.4079 10.7316 -348.8646 0.3150
27.6607 25.9200 309.9109 0.1196
-27.0621 -31.7036 -38.9935 0.4380
-21.2620 16.8072 -9.6817 0.8843
-31.1849 33.3091 44.5662 1.5006
-14.4834 8.3881 1.4488 2.2646
-16.2701 39.2531 -10.4521 1.0061
19.4924 -25.8785 11.2669 0.2386
10.2248 -29.7936 24.3203 0.6774
21.3381 15.6219 28.3411 0.4927
-2.5083 37.3357 -37.6804 1.1441
-24.1112 -32.7920 -21.0957 1.4751
30.3362 -10.2293 -10.2363 1.5066
24.9189 -13.0255 -18.9732 0.5783
-5.0430 -35.0710 -14.4390 1.4627
-1.6792 -4.2706 21.1195 162.9649
-39.4284 -19.3356 47.4173 0.9946
-20.8813 16.4981 28.5061 0.6831
-20.2598 -36.2036 -34.7453 0.2234
34.3812 36.9754 -10.2291 0.9615
-7.7007 -6.8020 -97.8336 0.2956
10.2125 24.2905 30.1142 0.3061
-21.9404 12.0883 16.0189 0.5151
19.0225 -22.8256 48.6973 11.1449
-14.6139 -7.3035 22.0830 121.0095
24.4329 -19.6346 -85.6505 0.3631
35.5084 -37.1466 16.1050 0.9070
-1.6485 10.3565 -16.5130 0.7509
21.9350 39.4188 309.9109 0.1196
-8.5551 6.0770 -9.2991 3.5756
2.1116 -32.7341 -9.2993 0.9100
-23.9436 9.4102 44.5662 1.5006
-35.8158 17.7470 -20.1269 0.8232
-13.1182 -22.2076 -121.3872 0.5340
-8.6782 38.0526 -26.9171 0.7772
-10.8090 26.8443 -997.1140 0.0347
-25.4991 36.5533 -33.8290 0.7122
-19.3816 -32.9719 -4.6775 1.3595
22.8081 26.7146 1.9171 12.9482
-15.9022 10.1059 2.0945 1.3099
-16.7100 37.3594 -85.9978 0.4884
18.9444 -28.9745 3.2444 1.0462
-35.9706 22.2395 -18.4138 0.5388
33.2387 -23.2415 -32.6452 0.5690
34.5424 9.7681 -60.6201 0.4545
15.9954 36.4273 58.0945 0.3673
-19.3808 -16.1017 22.4502 0.7381
34.0866 -33.6035 -30.2191 1.1587
-36.5181 29.1117 -24.1533 1.4711
18.5264 23.5377 -23.6785 1.1197
22.4814 -27.0091 -22.9812 0.4156
29.3974 -7.0262 58.2267 0.4351
29.3150 7.8670 -8.0288 1.2953
-25.0067 29.2396 38.2837 0.6765
14.3525 28.2389 46.0941 0.8265
-37.6336 17.1444 -74.1969 0.5550
-10.8293 6.6657 -6.1889 1.8135
-38.7335 33.4226 -10.6164 0.9212
-25.8147 22.1974 5.9364 0.4389
33.0141 -20.2187 46.3834 0.4364
29.6553 -26.2071 80.2221 0.5023
35.0945 -2.6387 19.7786 0.9647
9.9280 -8.0682 -27.4740 1.0019
-30.4332 -32.5582 -2.0683 6.3204
-24.0378 11.3807 -14.6089 9.6854
-27.9894 33.2970 -213.9065 0.2564
11.3138 23.1548 50.2371 0.8507
-26.7502 -22.6595 -0.3546 0.6868
31.2378 34.3053 -113.1360 0.2673
30.7310 -6.0902 10.2437 0.8073
26.1261 36.5940 47.4986 0.6687
28.9936 -7.6366 90.5119 0.5200
34.1063 -16.5824 -32.7056 0.8466
-30.5169 -38.7590 -23.6605 0.2569
-30.4909 2.1005 64.6139 0.7101
3.4396 -33.1063 2.7781 0.1219
-20.0618 1.3692 -8.9944 1.9005
-13.2547 -0.4891 -55.9407 0.3489
27.8353 -19.7936 53.7561 0.4071
27.9484 -38.2526 2.1759 0.9327
-25.6561 -35.0808 38.4708 0.3361
-35.7556 17.4352 270.5723 0.0824
7.9068 28.2830 -277.5127 0.0581
27.9355 -17.9818 -11.9416 0.2778
-21.4552 -12.5943 -4.9524 2.3795
8.7907 36.8003 -64.4151 0.4724
32.1810 -9.7620 -17.8075 0.3352
-34.2142 15.3722 -125.2914 0.5154
-22.3764 -21.6164 -26.9171 0.7772
-14.8728 0.7958 43.2734 1.0466
-36.9398 8.3544 -33.5001 0.7223
-3.6822 -32.0667 -4.6775 1.3595
-15.7348 11.2361 -10.9128 1.1994
7.6566 15.4654 -10.3328 25.0888
-35.9005 3.2630 -84.2573 0.4986
34.8522 -23.2377 3.2116 1.0462
24.5322 -36.1147 -18.4138 0.5388
8.3303 -38.4131 -29.0553 0.5926
11.4474 -38.3135 -161.1843 0.1930
32.5876 -20.3593 58.0945 0.3673
-34.3729 36.4876 22.4502 0.7381
19.6705 23.4841 -38.1921 0.8738
-36.4431 -11.2782 -35.2118 1.3475
-37.2511 0.9645 -24.8898 1.0126
-12.8296 -37.8880 -22.9812 0.4156
-38.7984 -14.4396 56.8154 0.4448
29.2804 10.3367 -9.5404 1.2859
-11.7144 12.1542 9.6814 1.1021
35.5525 -12.9919 46.0941 0.8265
39.0107 30.6591 -72.4033 0.5594
36.0524 -6.6576 -12.9016 0.8680
-1.1898 21.6289 -60.2368 0.4762
-36.2238 4.3201 5.5878 0.4393
-34.8149 28.8861 48.5209 0.4570
-31.6816 -30.2844 80.2221 0.5023
2.7602 -32.4957 24.7903 0.8410
-35.7939 30.5736 -54.4397 0.7361
-27.6566 -32.8234 -9.4813 1.2844
-0.1566 -31.7507 11.7958 1.3894
26.4058 -19.3922 -212.2008 0.2578
-26.5819 28.5262 50.2371 0.8507
26.4033 15.8830 -38.7576 3.5913
28.0500 -10.2337 -110.3072 0.2717
-14.2212 -29.0060 9.9113 0.7970
-29.3760 -25.7771 47.7396 0.6660
-21.0627 21.2805 90.5119 0.5200
11.0588 -37.7648 -32.7056 0.8466
-13.5223 31.7556 12.5750 1.2812
2.0363 2.1763 43.5756 1.0488
30.8784 21.3770 28.3913 0.1148
-30.0586 -26.6210 243.2155 0.1522
11.7490 2.6318 31.6355 0.0862
16.9082 17.6377 22.4075 155.2170
-32.0108 -18.3357 2.4465 0.9311
-31.0025 38.1366 38.4708 0.3361
-2.8974 -27.7488 270.5723 0.0824
-22.5937 10.6387 83.9803 0.9315
12.9257 -19.0806 15.9982 20.1697
12.1704 13.3438 44.9033 0.8212
20.3602 29.0771 -64.7866 0.4712
34.0734 -3.5294 -17.8075 0.3352
-37.5831 -16.7964 80.7951 0.5046
-15.5221 4.6724 -28.8488 5.8035
-26.6396 -14.5111 96.7665 1.2058
11.5761 38.4421 -11.3272 1.2651
-35.5691 -8.8873 11.7869 1.3894
34.7069 -19.2741 -213.9065 0.2564
-25.2229 -18.6258 -21.5252 11.8331
-16.5820 27.0009 -1.7555 0.6946
37.0664 36.8887 -89.1950 0.3266
31.9548 -33.5724 10.2437 0.8073
36.2505 28.7847 -8.5862 5.4337
10.0188 -28.9695 94.1751 0.5081
-30.1457 -24.0435 -24.8151 0.9205
-20.2358 21.1380 -14.8584 1.3126
12.2957 -5.2737 35.3213 1.5628
28.1910 35.5130 3.2693 0.1158
26.8396 -31.6669 243.2155 0.1522
27.6585 -9.5677 31.6355 0.0862
31.0265 17.0716 53.7561 0.4071
-35.5316 19.9220 2.0308 0.9344
36.7366 32.8569 38.4708 0.3361
25.2080 30.9307 270.5723 0.0824
-11.6047 -28.3996 -369.1783 0.0525
-22.6171 -25.6203 -22.3216 0.2699
-25.3147 -35.0539 30.5984 1.1848
-31.9039 -26.4025 -57.6706 0.7387
33.8891 24.9144 -17.8075 0.3352
-19.2220 33.8127 80.1485 0.5005
29.5355 -10.5532 24.7903 0.8410
20.5235 -21.9121 -54.5040 0.7372
16.7760 26.8490 -11.3272 1.2651
-21.0754 -26.5500 13.0452 1.3796
-39.5182 -5.2491 -213.9065 0.2564
14.6166 25.7323 50.2371 0.8507
26.7217 38.4797 -1.7555 0.6946
-17.1841 -22.8912 -109.6056 0.2731
16.2426 -38.2221 10.2437 0.8073
-25.9728 36.9423 47.5838 0.6669
24.0615 -39.8740 90.5119 0.5200
11.1046 27.1557 14.5375 4.9132
-16.9533 0.6463 13.9311 130.7656
38.4545 31.8567 64.4423 0.7110
-15.0724 -39.0443 28.3913 0.1148
36.1355 -36.0368 243.2155 0.1522
36.3392 -38.4995 31.6355 0.0862
-28.5020 33.8961 60.0997 3.3202
3.5544 -21.9545 -3.7758 2.8788
-11.5767 -29.7705 38.4708 0.3361
-5.7659 -23.4648 270.5723 0.0824
-26.3771 -13.1661 -369.1783 0.0525
-23.0095 -12.0595 -12.5213 0.2885
25.1053 -9.9236 44.0577 0.8354
30.3742 -23.9970 -64.4151 0.4724
25.7716 31.8258 -18.2608 0.3277
13.8787 21.7265 80.2221 0.5023
-36.1077 -37.2444 24.7903 0.8410
9.7387 -28.8585 -55.4995 0.7019
36.0915 -11.2044 -11.3012 1.2578
0.6755 -36.3204 10.8210 1.3967
-16.5834 10.2678 19.5975 20.1787
21.6742 13.7010 50.2371 0.8507
21.8337 23.8924 -1.7555 0.6946
-35.7208 12.3997 -111.6449 0.2652
11.5770 10.1693 47.8256 1.0936
16.2682 20.0472 47.4986 0.6687
-28.4751 7.3759 90.5119 0.5200
-33.9036 25.5777 -24.1096 1.0512
36.2426 22.4474 -23.6942 0.2700
9.1299 -26.1355 64.4040 0.7113
29.8009 -19.9655 28.3913 0.1148
-19.0238 15.9034 243.2155 0.1522
15.5834 23.0987 31.6355 0.0862
-13.5143 -35.9274 49.8784 0.4364
-24.8904 -30.8940 1.0362 0.9309
19.6158 -8.4496 38.4708 0.3361
4.2648 32.6895 546.1345 0.0436
5.3905 29.5560 -433.1538 0.0533
39.8001 35.3153 -11.9416 0.2778
-8.0545 -38.1698 44.1046 0.8249
-39.6278 -8.0595 -64.4151 0.4724
-24.8686 -30.4338 -17.8075 0.3352
-33.4288 -12.1329 79.2331 0.5409
-24.0998 -10.6879 24.7903 0.8410
-18.2445 15.7199 -54.5040 0.7372
-37.9266 -22.2802 -11.3272 1.2651
33.6415 6.6685 11.7869 1.3894
-14.3353 -21.6111 -213.9065 0.2564
30.7247 -23.3447 53.4084 0.8066
23.4934 -9.9068 -1.7555 0.6946
-5.5200 25.5682 -106.5811 0.2825
-37.1285 38.7717 47.0277 10.2699
-28.2677 -2.6690 49.1975 0.6494
-16.8315 -31.6616 90.5119 0.5200
-20.6930 30.6949 -32.8284 0.8401
10.7492 24.3373 -23.6942 0.2700
7.9350 -37.0916 75.3829 1.7488
36.2321 19.3306 28.3913 0.1148
35.2312 20.8902 243.2155 0.1522
34.6605 21.5197 25.3314 0.0923
-2.0475 -20.4734 -15.9233 3.1203
10.1516 31.2662 2.1759 0.9327
27.4983 19.9576 38.4708 0.3361
22.4129 19.4064 267.5644 0.0833
8.4243 -24.4984 -369.1783 0.0525
27.3768 -14.7811 -8.4885 0.2807
-3.7241 33.2927 12.6616 12.0431
-31.8536 -35.2694 -64.4151 0.4724
30.7977 33.1746 -17.8075 0.3352
36.7064 16.2862 -119.5032 0.2172
-18.5285 -14.8776 24.7903 0.8410
24.8711 36.7103 -54.5040 0.7372
-35.2167 28.3994 -11.3272 1.2651
34.0422 29.3547 11.6497 1.3770
-20.0930 -37.6422 -213.9065 0.2564
-25.0494 22.6954 50.2869 0.8505
-33.3370 24.2815 -2.5957 0.6969
-29.9594 -26.2404 -109.6056 0.2731
22.6699 -17.2296 11.5840 0.8023
-7.5477 -30.2978 47.4986 0.6687
27.2569 -5.9760 90.5119 0.5200
28.5449 18.1436 -31.6266 0.8534
-30.3954 -8.0963 -7.0001 0.2968
-14.5287 6.7527 49.0660 150.5768
-23.8154 -35.8491 28.3913 0.1148
16.6402 18.6374 242.6837 0.1533
-34.0480 37.5791 31.6355 0.0862
-10.9526 35.3657 53.7561 0.4071
-23.9531 24.9194 1.3482 0.9412
14.7435 30.4251 38.4708 0.3361
-17.1311 39.6946 270.5723 0.0824
-32.5863 3.4998 -305.5714 0.0511
1.8291 32.9718 -17.9515 0.2733
29.1340 4.2278 44.5825 0.8281
23.0347 -38.9324 -64.4151 0.4724
5.7816 -37.2999 -19.5393 0.3412
14.3036 -29.5576 80.2221 0.5023
-35.9880 -26.7642 24.4724 0.8451
27.8520 -27.9460 35.4275 3.6447
33.7962 -17.1551 -11.3272 1.2651
12.9770 -35.5105 7.8349 1.5434
34.7311 3.8974 -213.9065 0.2564
-7.0931 -26.8129 50.2371 0.8507
25.0285 -19.6214 -1.7555 0.6946
-20.0063 38.2401 -109.6056 0.2731
-2.4560 -39.6629 10.2437 0.8073
13.3414 37.8091 47.4986 0.6687
-34.5882 28.7501 90.5119 0.5200
19.4645 -27.0427 -34.0340 0.8344
36.5097 -12.5233 -23.6942 0.2700
-16.8299 7.5820 64.4423 0.7110
-24.0981 12.3037 28.3913 0.1148
32.8726 34.9349 265.4555 0.1402
-38.0321 -24.3242 31.6355 0.0862
28.7335 -22.4557 5.5566 4.6938
-29.7431 -29.6083 -45.6606 2.1694
1.4800 -27.1102 38.4708 0.3361
-15.3417 -28.0950 -61.1002 0.2899
24.3947 11.0938 216.1616 0.0196
-18.2367 23.0441 -11.9416 0.2778
15.6754 -24.2656 44.8348 0.8218
1.8337 12.8912 -37.2744 0.6866
12.0080 -29.6810 -18.0150 0.3343
27.6820 -19.2821 80.2221 0.5023
-25.4285 37.1331 24.7835 0.8403
39.6732 -30.4781 -54.5040 0.7372
12.2324 -10.1311 -11.3272 1.2651
39.0967 -8.7493 11.7869 1.3894
-32.2449 2.1660 -213.9065 0.2564
35.5935 -11.7092 50.2371 0.8507
20.2577 -24.9594 -1.9421 0.6978
14.4161 27.7143 -109.6056 0.2731
26.5303 -25.5839 9.1769 0.8062
-24.7904 -14.8690 47.4986 0.6687
-1.6163 8.1476 -13.1324 24.4167
10.3277 34.7926 -32.7056 0.8466
0.5436 6.3264 -24.5554 0.2529
30.0796 6.7160 64.8466 0.7102
35.5069 -28.0575 28.3913 0.1148
19.0098 -4.4505 -1.5270 4.8327
1.2129 38.4243 31.6355 0.0862
-31.1461 -13.7170 53.8697 0.4250
-11.7987 -30.8276 1.6832 0.9410
23.5972 -31.7277 38.4708 0.3361
23.8951 21.3921 290.8703 0.0816
-0.7006 5.5655 3.4445 3.6791
-30.8267 -23.4485 -11.9416 0.2778
-16.4705 29.1669 44.1277 0.8319
4.0669 -35.4793 -64.4151 0.4724
34.0185 -7.1670 -17.8075 0.3352
30.3830 39.3436 81.6812 0.5047
-9.8952 -23.9087 24.7903 0.8410
-39.6748 -4.1715 -54.5040 0.7372
-17.5631 19.5737 -11.3272 1.2651
-15.2356 -9.9836 -14.9677 1.6307
-35.2172 -37.2935 -210.5027 0.2542
19.4390 -26.5392 50.2371 0.8507
-1.3472 36.2888 -2.0158 0.6722
26.9474 -11.2490 -109.6056 0.2731
11.2737 -29.9581 5.3680 0.8564
9.8136 25.0872 47.5528 0.6686
-39.5138 38.6637 90.5119 0.5200
21.6959 28.5851 -34.8109 0.8352
-16.8842 14.8011 -9.3017 13.7220
-20.0599 1.6891 39.1043 12.7902
-32.8306 -8.5468 28.3913 0.1148
-33.8052 4.0917 243.2155 0.1522
-25.3439 24.2977 31.6355 0.0862
2.0438 35.8648 54.0443 0.4030
25.7244 -1.8700 2.7388 0.9320
-26.2601 37.0552 38.4708 0.3361
11.2786 12.0373 -25.6707 0.5975
6.0737 -40.0846 -412.6556 0.0620
-38.9387 -10.8272 -11.9416 0.2778
-34.3231 -27.0006 44.9033 0.8212
-39.3959 -27.7114 -68.2915 0.4618
-26.3205 -17.6416 -17.8075 0.3352
13.0828 9.6926 4.9366 0.7075
27.4043 -13.0721 15.8797 0.4357
12.5831 39.9737 47.1972 0.4827
-17.2909 -31.9470 -56.7463 0.3303
7.6067 36.9002 -10.5230 1.1553
-22.4980 -12.8856 5.7835 1.5235
16.2105 -23.2797 -132.7349 0.1828
-32.6819 0.0305 12.6299 1.3766
5.5459 -30.7226 -28.3834 0.5622
38.8243 33.4045 163.5566 0.4298
22.4972 -13.2319 -14.1716 0.9351
-21.4540 35.5893 -19.2333 0.8887
18.8854 -26.4827 -13.2382 0.7151
-19.7122 18.9968 3.3348 1.1084
-30.6550 6.4657 44.8894 81.7697
-13.7504 37.7734 -29.1966 0.7738
-35.5335 -17.3543 -6.4298 1.8201
-23.0090 -23.4614 21.6753 1.3225
-37.4425 7.6391 -21.4275 0.4363
-27.8682 22.2165 12.4929 1.1731
19.7771 -33.6715 16.1709 1.3255
-39.5727 31.1544 -48.9152 0.3544
1.9115 -24.3090 23.1320 118.7074
30.9246 23.0130 -28.0687 0.7666
-29.1400 17.2959 3.4685 0.9968
-19.8222 39.0439 21.4874 0.9656
-29.7234 2.2129 65.7108 0.4468
-34.3346 20.1245 -66.0812 0.2846
12.8199 -20.4391 3.7359 3.6778
-37.7994 34.7747 -0.3199 0.7071
-27.6843 32.3731 30.8707 0.2217
-2.4110 -27.6277 -13.2147 0.6950
-11.6384 -18.4657 -0.0136 145.8598
24.8473 1.9679 7.2434 1.9930
20.5896 19.5218 39.1127 0.6353
-12.3619 -0.5804 -72.7726 0.8273
15.9256 16.8086 97.0991 0.1414
-20.4138 35.5216 -36.5614 1.0893
33.2875 -32.9480 -30.4020 1.1271
4.5366 -35.4759 5.7101 1.7393
18.6283 30.2063 -50.3316 0.7530
19.1406 -29.8464 -39.5847 0.9104
-1.9878 33.5264 -40.8493 3.1403
34.9167 24.8140 196.2502 0.2062
5.5955 -2.9280 17.5949 134.8272
-27.0182 -34.5704 43.5624 0.8300
-31.3227 -4.0532 1.0407 1.2352
-13.2832 -4.0370 16.9959 158.4843
31.9541 -33.9725 59.0676 0.6932
3.0678 -22.6381 7.5397 18.9762
32.6945 -20.2192 -32.5555 0.8593
-15.2891 -26.7952 179.1511 0.4809
32.2942 -0.4912 -8.5011 0.5037
32.9361 28.5994 27.4995 1.1232
30.0522 -8.0338 -2.0855 4.5781
19.6178 18.8967 16.2806 0.4358
-18.1308 4.1974 30.4056 1.4084
39.7286 -32.7922 -56.0084 0.3337
-21.6584 -37.6802 -9.9953 1.1704
9.4438 38.5561 11.4948 2.3418
20.0113 37.6935 -108.9618 0.2073
30.6292 -25.4495 13.0480 1.3026
10.9298 -37.2154 -28.8123 0.5568
-12.6566 -2.0859 -1.4985 2.8204
24.7971 -29.5762 -14.1716 0.9351
6.7266 -14.6862 -34.4361 152.4014
-35.2379 34.2077 -13.2382 0.7151
-26.3110 13.7290 3.2772 1.1286
-16.4482 16.0223 311.9077 0.2443
-26.1292 -2.8600 -28.5707 0.8013
-31.3457 -0.6282 -6.4161 1.8213
22.8955 31.1067 21.6753 1.3225
-15.9945 10.3131 22.7283 13.9157
29.3175 6.2195 12.4929 1.1731
2.6434 -20.8311 14.0772 1.2196
2.6552 -21.4355 48.2393 144.0033
-23.7715 32.3096 -24.9832 1.6356
31.8921 35.0899 -28.3777 0.7626
28.5468 1.8489 3.8519 1.0063
36.1861 6.9912 21.4874 0.9656
-10.6083 26.0451 65.7108 0.4468
-21.9688 -21.7046 4.9366 0.7075
-17.5044 28.2505 15.8797 0.4357
-29.8435 -27.8917 47.1972 0.4827
-8.7430 24.5545 -56.0084 0.3337
15.2393 -24.5282 -10.7819 1.1785
